0.000000 0.500000
0.010000 0.951378
0.020000 0.974903
0.030000 0.983105
0.040000 0.987240
0.050000 0.989720
0.060000 0.991365
0.070000 0.992531
0.080000 0.993398
0.090000 0.994063
0.100000 0.994587
0.110000 0.995008
0.120000 0.995352
0.130000 0.995635
0.140000 0.995870
0.150000 0.996066
0.160000 0.996231
0.170000 0.996368
0.180000 0.996483
0.190000 0.996577
0.200000 0.996653
0.210000 0.996714
0.220000 0.996760
0.230000 0.996792
0.240000 0.996811
0.250000 0.996817
0.260000 0.996811
0.270000 0.996792
0.280000 0.996760
0.290000 0.996714
0.300000 0.996653
0.310000 0.996577
0.320000 0.996483
0.330000 0.996368
0.340000 0.996231
0.350000 0.996066
0.360000 0.995870
0.370000 0.995635
0.380000 0.995352
0.390000 0.995008
0.400000 0.994587
0.410000 0.994063
0.420000 0.993398
0.430000 0.992532
0.440000 0.991365
0.450000 0.989720
0.460000 0.987240
0.470000 0.983105
0.480000 0.974903
0.490000 0.951378
0.500000 0.500042
0.510000 0.048622
0.520000 0.025097
0.530000 0.016895
0.540000 0.012760
0.550000 0.010281
0.560000 0.008635
0.570000 0.007469
0.580000 0.006602
0.590000 0.005937
0.600000 0.005413
0.610000 0.004992
0.620000 0.004649
0.630000 0.004365
0.640000 0.004130
0.650000 0.003934
0.660000 0.003769
0.670000 0.003632
0.680000 0.003517
0.690000 0.003423
0.700000 0.003347
0.710000 0.003286
0.720000 0.003240
0.730000 0.003208
0.740000 0.003189
0.750000 0.003183
0.760000 0.003189
0.770000 0.003208
0.780000 0.003240
0.790000 0.003286
0.800000 0.003347
0.810000 0.003423
0.820000 0.003517
0.830000 0.003632
0.839999 0.003769
0.849999 0.003934
0.859999 0.004130
0.869999 0.004365
0.879999 0.004648
0.889999 0.004992
0.899999 0.005413
0.909999 0.005937
0.919999 0.006602
0.929999 0.007468
0.939999 0.008635
0.949999 0.010280
0.959999 0.012760
0.969999 0.016895
0.979999 0.025097
0.989999 0.048622
0.999999 0.499869
1.009999 0.951378
1.019999 0.974903
1.029999 0.983105
1.039999 0.987240
1.049999 0.989720
1.059999 0.991365
1.069999 0.992532
1.079999 0.993398
1.089999 0.994063
1.099999 0.994587
1.109999 0.995008
1.119999 0.995352
1.129999 0.995634
1.139999 0.995870
1.149999 0.996066
1.159999 0.996231
1.169999 0.996368
1.179999 0.996483
1.189999 0.996577
1.199999 0.996653
1.209999 0.996714
1.219999 0.996760
1.229999 0.996792
1.239999 0.996811
1.249999 0.996817
1.259999 0.996811
1.269999 0.996792
1.279999 0.996760
1.289999 0.996714
1.299999 0.996653
1.309999 0.996577
1.319999 0.996483
1.329999 0.996368
1.339999 0.996231
1.349999 0.996066
1.359999 0.995870
1.369999 0.995635
1.379999 0.995352
1.389999 0.995008
1.399999 0.994587
1.409999 0.994063
1.419999 0.993398
1.429999 0.992531
1.439999 0.991365
1.449999 0.989720
1.459999 0.987240
1.469999 0.983105
1.479999 0.974903
1.489999 0.951378
1.499999 0.500215
1.509999 0.048622
1.519999 0.025097
1.529999 0.016895
1.539999 0.012760
1.549999 0.010280
1.559999 0.008635
1.569999 0.007468
1.579999 0.006602
1.589999 0.005937
1.599999 0.005413
1.609999 0.004992
1.619999 0.004648
1.629999 0.004365
1.639999 0.004130
1.649999 0.003934
1.659999 0.003769
1.669999 0.003632
1.679999 0.003517
1.689999 0.003423
1.699999 0.003347
1.709999 0.003286
1.719999 0.003240
1.729999 0.003208
1.739999 0.003189
1.749999 0.003183
1.759999 0.003189
1.769999 0.003208
1.779999 0.003240
1.789999 0.003286
1.799999 0.003347
1.809999 0.003423
1.819999 0.003517
1.829999 0.003632
1.839999 0.003769
1.849999 0.003934
1.859999 0.004130
1.869999 0.004365
1.879999 0.004649
1.889999 0.004992
1.899999 0.005413
1.909999 0.005937
1.919999 0.006602
1.929999 0.007469
1.939999 0.008635
1.949998 0.010280
1.959998 0.012760
1.969998 0.016895
1.979998 0.025097
1.989998 0.048621
1.999998 0.499690
2.009999 0.951378
2.019999 0.974903
2.029999 0.983105
2.039999 0.987240
2.049999 0.989720
2.059999 0.991365
2.069999 0.992532
2.079998 0.993398
2.089998 0.994063
2.099998 0.994587
2.109998 0.995008
2.119998 0.995352
2.129998 0.995634
2.139998 0.995870
2.149998 0.996066
2.159998 0.996231
2.169998 0.996368
2.179998 0.996483
2.189998 0.996577
2.199998 0.996653
2.209998 0.996714
2.219998 0.996760
2.229998 0.996792
2.239998 0.996811
2.249998 0.996817
2.259998 0.996811
2.269998 0.996792
2.279998 0.996760
2.289998 0.996714
2.299998 0.996653
2.309998 0.996577
2.319998 0.996483
2.329998 0.996368
2.339998 0.996231
2.349998 0.996066
2.359998 0.995870
2.369998 0.995635
2.379998 0.995352
2.389998 0.995008
2.399998 0.994587
2.409998 0.994063
2.419998 0.993398
2.429998 0.992531
2.439998 0.991365
2.449998 0.989720
2.459998 0.987240
2.469998 0.983105
2.479998 0.974903
2.489998 0.951378
2.499998 0.500381
2.509998 0.048622
2.519998 0.025097
2.529998 0.016895
2.539998 0.012760
2.549998 0.010281
2.559998 0.008635
2.569998 0.007468
2.579998 0.006602
2.589998 0.005937
2.599998 0.005413
2.609998 0.004992
2.619998 0.004648
2.629998 0.004365
2.639998 0.004130
2.649998 0.003934
2.659998 0.003769
2.669998 0.003632
2.679998 0.003517
2.689998 0.003423
2.699998 0.003347
2.709998 0.003286
2.719998 0.003240
2.729998 0.003208
2.739998 0.003189
2.749998 0.003183
2.759998 0.003189
2.769998 0.003208
2.779998 0.003240
2.789998 0.003286
2.799998 0.003347
2.809998 0.003423
2.819998 0.003517
2.829998 0.003632
2.839998 0.003769
2.849998 0.003934
2.859998 0.004130
2.869998 0.004365
2.879998 0.004648
2.889998 0.004992
2.899998 0.005413
2.909998 0.005937
2.919998 0.006602
2.929998 0.007468
2.939998 0.008635
2.949998 0.010281
2.959998 0.012760
2.969998 0.016895
2.979998 0.025097
2.989998 0.048621
2.999998 0.499523
3.009998 0.951378
3.019998 0.974903
3.029998 0.983105
3.039998 0.987240
3.049998 0.989720
3.059998 0.991365
3.069998 0.992532
3.079998 0.993397
3.089998 0.994063
3.099998 0.994587
3.109998 0.995008
3.119998 0.995352
3.129997 0.995635
3.139997 0.995870
3.149997 0.996066
3.159997 0.996231
3.169997 0.996368
3.179997 0.996482
3.189997 0.996577
3.199997 0.996653
3.209997 0.996714
3.219997 0.996760
3.229997 0.996792
3.239997 0.996811
3.249997 0.996817
3.259997 0.996811
3.269997 0.996792
3.279997 0.996760
3.289997 0.996714
3.299997 0.996653
3.309997 0.996577
3.319997 0.996483
3.329997 0.996368
3.339997 0.996231
3.349997 0.996067
3.359997 0.995870
3.369997 0.995635
3.379997 0.995352
3.389997 0.995008
3.399997 0.994587
3.409997 0.994063
3.419997 0.993398
3.429997 0.992531
3.439997 0.991365
3.449997 0.989719
3.459997 0.987240
3.469997 0.983105
3.479997 0.974903
3.489997 0.951379
3.499997 0.500572
3.509997 0.048622
3.519997 0.025097
3.529997 0.016895
3.539997 0.012760
3.549997 0.010281
3.559997 0.008635
3.569997 0.007469
3.579997 0.006602
3.589997 0.005937
3.599997 0.005413
3.609997 0.004992
3.619997 0.004648
3.629997 0.004365
3.639997 0.004130
3.649997 0.003934
3.659997 0.003769
3.669997 0.003632
3.679997 0.003517
3.689997 0.003423
3.699997 0.003347
3.709997 0.003286
3.719997 0.003240
3.729997 0.003208
3.739997 0.003189
3.749997 0.003183
3.759997 0.003189
3.769997 0.003208
3.779997 0.003240
3.789997 0.003286
3.799997 0.003347
3.809997 0.003423
3.819997 0.003517
3.829997 0.003632
3.839997 0.003769
3.849997 0.003934
3.859997 0.004130
3.869997 0.004365
3.879997 0.004648
3.889997 0.004992
3.899997 0.005413
3.909997 0.005937
3.919997 0.006602
3.929997 0.007468
3.939997 0.008635
3.949997 0.010280
3.959997 0.012760
3.969997 0.016895
3.979997 0.025097
3.989997 0.048622
3.999997 0.499332
4.009997 0.951378
4.019997 0.974903
4.029997 0.983105
4.039998 0.987240
4.049998 0.989720
4.059998 0.991365
4.069998 0.992531
4.079998 0.993398
4.089999 0.994063
4.099999 0.994587
4.109999 0.995008
4.119999 0.995352
4.130000 0.995635
4.140000 0.995870
4.150000 0.996066
4.160000 0.996231
4.170001 0.996368
4.180001 0.996483
4.190001 0.996577
4.200001 0.996653
4.210001 0.996714
4.220002 0.996760
4.230002 0.996792
4.240002 0.996811
4.250002 0.996817
4.260003 0.996811
4.270003 0.996792
4.280003 0.996760
4.290003 0.996714
4.300004 0.996653
4.310004 0.996577
4.320004 0.996483
4.330004 0.996368
4.340004 0.996231
4.350005 0.996066
4.360005 0.995870
4.370005 0.995635
4.380005 0.995352
4.390006 0.995008
4.400006 0.994587
4.410006 0.994063
4.420006 0.993398
4.430007 0.992532
4.440007 0.991365
4.450007 0.989720
4.460007 0.987240
4.470007 0.983105
4.480008 0.974903
4.490008 0.951379
4.500008 0.498379
4.510008 0.048621
4.520009 0.025097
4.530009 0.016895
4.540009 0.012760
4.550009 0.010280
4.560009 0.008635
4.570010 0.007468
4.580010 0.006602
4.590010 0.005937
4.600010 0.005413
4.610011 0.004992
4.620011 0.004649
4.630011 0.004365
4.640011 0.004130
4.650012 0.003934
4.660012 0.003769
4.670012 0.003632
4.680012 0.003517
4.690012 0.003423
4.700013 0.003347
4.710013 0.003286
4.720013 0.003240
4.730013 0.003208
4.740014 0.003189
4.750014 0.003182
4.760014 0.003189
4.770014 0.003208
4.780015 0.003240
4.790015 0.003286
4.800015 0.003346
4.810015 0.003423
4.820015 0.003517
4.830016 0.003632
4.840016 0.003769
4.850016 0.003933
4.860016 0.004130
4.870017 0.004365
4.880017 0.004648
4.890017 0.004992
4.900017 0.005413
4.910017 0.005937
4.920018 0.006602
4.930018 0.007468
4.940018 0.008635
4.950018 0.010280
4.960019 0.012759
4.970019 0.016894
4.980019 0.025095
4.990019 0.048618
