0.000000 0.500000
0.010000 0.695707
0.020000 0.866825
0.030000 0.994270
0.040000 1.068516
0.050000 1.091164
0.060000 1.073680
0.070000 1.033753
0.080000 0.990359
0.090000 0.958932
0.100000 0.947944
0.110000 0.957739
0.120000 0.981754
0.130000 1.009589
0.140000 1.030860
0.150000 1.038618
0.160000 1.031316
0.170000 1.012847
0.180000 0.990762
0.190000 0.973399
0.200000 0.966913
0.210000 0.973226
0.220000 0.989528
0.230000 1.009449
0.240000 1.025442
0.250000 1.031527
0.260000 1.025442
0.270000 1.009449
0.280000 0.989528
0.290000 0.973226
0.300000 0.966913
0.310000 0.973399
0.320000 0.990762
0.330000 1.012847
0.340000 1.031316
0.350000 1.038618
0.360000 1.030861
0.370000 1.009589
0.380000 0.981754
0.390000 0.957740
0.400000 0.947944
0.410000 0.958931
0.420000 0.990358
0.430000 1.033752
0.440000 1.073680
0.450000 1.091164
0.460000 1.068517
0.470000 0.994272
0.480000 0.866828
0.490000 0.695711
0.500000 0.500004
0.510000 0.304296
0.520000 0.133178
0.530000 0.005732
0.540000 -0.068515
0.550000 -0.091164
0.560000 -0.073681
0.570000 -0.033754
0.580000 0.009640
0.590000 0.041068
0.600000 0.052056
0.610000 0.042261
0.620000 0.018247
0.630000 -0.009588
0.640000 -0.030860
0.650000 -0.038618
0.660000 -0.031317
0.670000 -0.012848
0.680000 0.009237
0.690000 0.026601
0.700000 0.033087
0.710000 0.026775
0.720000 0.010473
0.730000 -0.009448
0.740000 -0.025441
0.750000 -0.031527
0.760000 -0.025442
0.770000 -0.009450
0.780000 0.010471
0.790000 0.026774
0.800000 0.033087
0.810000 0.026602
0.820000 0.009239
0.830000 -0.012846
0.839999 -0.031316
0.849999 -0.038618
0.859999 -0.030861
0.869999 -0.009590
0.879999 0.018244
0.889999 0.042260
0.899999 0.052056
0.909999 0.041070
0.919999 0.009643
0.929999 -0.033750
0.939999 -0.073678
0.949999 -0.091164
0.959999 -0.068519
0.969999 0.005724
0.979999 0.133165
0.989999 0.304281
0.999999 0.499987
1.009999 0.695696
1.019999 0.866816
1.029999 0.994264
1.039999 1.068513
1.049999 1.091164
1.059999 1.073682
1.069999 1.033756
1.079999 0.990362
1.089999 0.958933
1.099999 0.947944
1.109999 0.957738
1.119999 0.981752
1.129999 1.009587
1.139999 1.030859
1.149999 1.038618
1.159999 1.031317
1.169999 1.012849
1.179999 0.990764
1.189999 0.973400
1.199999 0.966913
1.209999 0.973225
1.219999 0.989526
1.229999 1.009448
1.239999 1.025441
1.249999 1.031527
1.259999 1.025443
1.269999 1.009451
1.279999 0.989530
1.289999 0.973227
1.299999 0.966913
1.309999 0.973398
1.319999 0.990761
1.329999 1.012845
1.339999 1.031315
1.349999 1.038618
1.359999 1.030862
1.369999 1.009592
1.379999 0.981757
1.389999 0.957741
1.399999 0.947944
1.409999 0.958930
1.419999 0.990355
1.429999 1.033749
1.439999 1.073677
1.449999 1.091164
1.459999 1.068521
1.469999 0.994281
1.479999 0.866841
1.489999 0.695727
1.499999 0.500021
1.509999 0.304313
1.519999 0.133191
1.529999 0.005741
1.539999 -0.068511
1.549999 -0.091164
1.559999 -0.073684
1.569999 -0.033758
1.579999 0.009636
1.589999 0.041066
1.599999 0.052056
1.609999 0.042263
1.619999 0.018249
1.629999 -0.009586
1.639999 -0.030859
1.649999 -0.038618
1.659999 -0.031318
1.669999 -0.012850
1.679999 0.009235
1.689999 0.026600
1.699999 0.033087
1.709999 0.026776
1.719999 0.010475
1.729999 -0.009447
1.739999 -0.025440
1.749999 -0.031527
1.759999 -0.025443
1.769999 -0.009452
1.779999 0.010469
1.789999 0.026773
1.799999 0.033087
1.809999 0.026603
1.819999 0.009240
1.829999 -0.012844
1.839999 -0.031314
1.849999 -0.038618
1.859999 -0.030863
1.869999 -0.009593
1.879999 0.018242
1.889999 0.042258
1.899999 0.052056
1.909999 0.041072
1.919999 0.009647
1.929999 -0.033746
1.939999 -0.073675
1.949998 -0.091164
1.959998 -0.068523
1.969998 0.005714
1.979998 0.133151
1.989998 0.304264
1.999998 0.499969
2.009999 0.695680
2.019999 0.866804
2.029999 0.994255
2.039999 1.068509
2.049999 1.091164
2.059999 1.073685
2.069999 1.033760
2.079998 0.990365
2.089998 0.958935
2.099998 0.947944
2.109998 0.957737
2.119998 0.981750
2.129998 1.009585
2.139998 1.030858
2.149998 1.038618
2.159998 1.031318
2.169998 1.012851
2.179998 0.990766
2.189998 0.973401
2.199998 0.966913
2.209998 0.973224
2.219998 0.989525
2.229998 1.009446
2.239998 1.025440
2.249998 1.031527
2.259998 1.025444
2.269998 1.009452
2.279998 0.989531
2.289998 0.973228
2.299998 0.966913
2.309998 0.973397
2.319998 0.990759
2.329998 1.012843
2.339998 1.031314
2.349998 1.038618
2.359998 1.030863
2.369998 1.009594
2.379998 0.981759
2.389998 0.957743
2.399998 0.947944
2.409998 0.958928
2.419998 0.990352
2.429998 1.033745
2.439998 1.073674
2.449998 1.091164
2.459998 1.068525
2.469998 0.994289
2.479998 0.866854
2.489998 0.695743
2.499998 0.500038
2.509998 0.304329
2.519998 0.133204
2.529998 0.005750
2.539998 -0.068507
2.549998 -0.091164
2.559998 -0.073686
2.569998 -0.033762
2.579998 0.009633
2.589998 0.041064
2.599998 0.052056
2.609998 0.042264
2.619998 0.018251
2.629998 -0.009584
2.639998 -0.030857
2.649998 -0.038618
2.659998 -0.031319
2.669998 -0.012852
2.679998 0.009233
2.689998 0.026599
2.699998 0.033087
2.709998 0.026777
2.719998 0.010476
2.729998 -0.009445
2.739998 -0.025439
2.749998 -0.031527
2.759998 -0.025444
2.769998 -0.009453
2.779998 0.010468
2.789998 0.026772
2.799998 0.033087
2.809998 0.026604
2.819998 0.009242
2.829998 -0.012842
2.839998 -0.031313
2.849998 -0.038618
2.859998 -0.030864
2.869998 -0.009595
2.879998 0.018240
2.889998 0.042256
2.899998 0.052056
2.909998 0.041073
2.919998 0.009650
2.929998 -0.033743
2.939998 -0.073673
2.949998 -0.091164
2.959998 -0.068527
2.969998 0.005706
2.979998 0.133139
2.989998 0.304248
2.999998 0.499952
3.009998 0.695662
3.019998 0.866789
3.029998 0.994246
3.039998 1.068505
3.049998 1.091164
3.059998 1.073688
3.069998 1.033764
3.079998 0.990369
3.089998 0.958937
3.099998 0.947944
3.109998 0.957735
3.119998 0.981747
3.129997 1.009583
3.139997 1.030857
3.149997 1.038618
3.159997 1.031320
3.169997 1.012852
3.179997 0.990768
3.189997 0.973402
3.199997 0.966913
3.209997 0.973222
3.219997 0.989523
3.229997 1.009444
3.239997 1.025439
3.249997 1.031527
3.259997 1.025445
3.269997 1.009454
3.279997 0.989533
3.289997 0.973229
3.299997 0.966913
3.309997 0.973395
3.319997 0.990757
3.329997 1.012841
3.339997 1.031312
3.349997 1.038618
3.359997 1.030864
3.369997 1.009596
3.379997 0.981762
3.389997 0.957744
3.399997 0.947944
3.409997 0.958926
3.419997 0.990348
3.429997 1.033741
3.439997 1.073671
3.449997 1.091164
3.459997 1.068529
3.469997 0.994299
3.479997 0.866869
3.489997 0.695761
3.499997 0.500057
3.509997 0.304346
3.519997 0.133218
3.529997 0.005759
3.539997 -0.068502
3.549997 -0.091164
3.559997 -0.073689
3.569997 -0.033766
3.579997 0.009629
3.589997 0.041062
3.599997 0.052056
3.609997 0.042266
3.619997 0.018254
3.629997 -0.009581
3.639997 -0.030856
3.649997 -0.038618
3.659997 -0.031320
3.669997 -0.012854
3.679997 0.009231
3.689997 0.026597
3.699997 0.033087
3.709997 0.026778
3.719997 0.010478
3.729997 -0.009443
3.739997 -0.025438
3.749997 -0.031527
3.759997 -0.025446
3.769997 -0.009455
3.779997 0.010466
3.789997 0.026771
3.799997 0.033087
3.809997 0.026605
3.819997 0.009244
3.829997 -0.012840
3.839997 -0.031312
3.849997 -0.038618
3.859997 -0.030865
3.869997 -0.009597
3.879997 0.018237
3.889997 0.042255
3.899997 0.052056
3.909997 0.041075
3.919997 0.009654
3.929997 -0.033738
3.939997 -0.073670
3.949997 -0.091164
3.959997 -0.068532
3.969997 0.005696
3.979997 0.133124
3.989997 0.304230
3.999997 0.499933
4.009997 0.695649
4.019997 0.866782
4.029997 0.994243
4.039998 1.068505
4.049998 1.091164
4.059998 1.073686
4.069998 1.033761
4.079998 0.990365
4.089999 0.958935
4.099999 0.947944
4.109999 0.957738
4.119999 0.981753
4.130000 1.009588
4.140000 1.030860
4.150000 1.038618
4.160000 1.031316
4.170001 1.012846
4.180001 0.990761
4.190001 0.973397
4.200001 0.966913
4.210001 0.973227
4.220002 0.989531
4.230002 1.009453
4.240002 1.025444
4.250002 1.031527
4.260003 1.025439
4.270003 1.009444
4.280003 0.989522
4.290003 0.973222
4.300004 0.966913
4.310004 0.973403
4.320004 0.990771
4.330004 1.012856
4.340004 1.031322
4.350005 1.038618
4.360005 1.030853
4.370005 1.009576
4.380005 0.981739
4.390006 0.957729
4.400006 0.947944
4.410006 0.958945
4.420006 0.990384
4.430007 1.033782
4.440007 1.073702
4.450007 1.091164
4.460007 1.068482
4.470007 0.994195
4.480008 0.866709
4.490008 0.695560
4.500008 0.499838
4.510008 0.304137
4.520009 0.133045
4.530009 0.005641
4.540009 -0.068559
4.550009 -0.091164
4.560009 -0.073650
4.570010 -0.033710
4.580010 0.009680
4.590010 0.041091
4.600010 0.052056
4.610011 0.042241
4.620011 0.018216
4.630011 -0.009618
4.640011 -0.030878
4.650012 -0.038618
4.660012 -0.031300
4.670012 -0.012821
4.680012 0.009263
4.690012 0.026617
4.700013 0.033088
4.710013 0.026759
4.720013 0.010447
4.730013 -0.009475
4.740014 -0.025458
4.750014 -0.031527
4.760014 -0.025425
4.770014 -0.009422
4.780015 0.010500
4.790015 0.026792
4.800015 0.033087
4.810015 0.026582
4.820015 0.009205
4.830016 -0.012881
4.840016 -0.031338
4.850016 -0.038618
4.860016 -0.030835
4.870017 -0.009546
4.880017 0.018292
4.890017 0.042292
4.900017 0.052056
4.910017 0.041030
4.920018 0.009571
4.930018 -0.033833
4.940018 -0.073738
4.950018 -0.091164
4.960019 -0.068428
4.970019 0.005922
4.980019 0.133464
4.990019 0.304655
