0.000000 0.500000
0.010000 0.539974
0.020000 0.579790
0.030000 0.619291
0.040000 0.658321
0.050000 0.696726
0.060000 0.734355
0.070000 0.771060
0.080000 0.806694
0.090000 0.841118
0.100000 0.874196
0.110000 0.905797
0.120000 0.935796
0.130000 0.964076
0.140000 0.990524
0.150000 1.015036
0.160000 1.037516
0.170000 1.057874
0.180000 1.076031
0.190000 1.091914
0.200000 1.105461
0.210000 1.116619
0.220000 1.125344
0.230000 1.131600
0.240000 1.135364
0.250000 1.136620
0.260000 1.135364
0.270000 1.131600
0.280000 1.125344
0.290000 1.116619
0.300000 1.105461
0.310000 1.091914
0.320000 1.076031
0.330000 1.057874
0.340000 1.037516
0.350000 1.015036
0.360000 0.990524
0.370000 0.964076
0.380000 0.935796
0.390000 0.905797
0.400000 0.874196
0.410000 0.841118
0.420000 0.806694
0.430000 0.771060
0.440000 0.734356
0.450000 0.696727
0.460000 0.658322
0.470000 0.619291
0.480000 0.579790
0.490000 0.539974
0.500000 0.500001
0.510000 0.460027
0.520000 0.420211
0.530000 0.380710
0.540000 0.341680
0.550000 0.303275
0.560000 0.265646
0.570000 0.228941
0.580000 0.193307
0.590000 0.158883
0.600000 0.125805
0.610000 0.094204
0.620000 0.064205
0.630000 0.035925
0.640000 0.009477
0.650000 -0.015035
0.660000 -0.037515
0.670000 -0.057873
0.680000 -0.076030
0.690000 -0.091914
0.700000 -0.105461
0.710000 -0.116619
0.720000 -0.125343
0.730000 -0.131600
0.740000 -0.135363
0.750000 -0.136620
0.760000 -0.135364
0.770000 -0.131600
0.780000 -0.125344
0.790000 -0.116620
0.800000 -0.105462
0.810000 -0.091915
0.820000 -0.076032
0.830000 -0.057875
0.839999 -0.037517
0.849999 -0.015037
0.859999 0.009475
0.869999 0.035923
0.879999 0.064202
0.889999 0.094202
0.899999 0.125802
0.909999 0.158880
0.919999 0.193304
0.929999 0.228938
0.939999 0.265642
0.949999 0.303271
0.959999 0.341677
0.969999 0.380707
0.979999 0.420208
0.989999 0.460024
0.999999 0.499997
1.009999 0.539971
1.019999 0.579787
1.029999 0.619288
1.039999 0.658318
1.049999 0.696724
1.059999 0.734353
1.069999 0.771057
1.079999 0.806692
1.089999 0.841116
1.099999 0.874193
1.109999 0.905795
1.119999 0.935794
1.129999 0.964074
1.139999 0.990522
1.149999 1.015034
1.159999 1.037514
1.169999 1.057873
1.179999 1.076030
1.189999 1.091913
1.199999 1.105460
1.209999 1.116618
1.219999 1.125343
1.229999 1.131599
1.239999 1.135363
1.249999 1.136620
1.259999 1.135364
1.269999 1.131600
1.279999 1.125344
1.289999 1.116620
1.299999 1.105463
1.309999 1.091915
1.319999 1.076032
1.329999 1.057876
1.339999 1.037518
1.349999 1.015038
1.359999 0.990526
1.369999 0.964078
1.379999 0.935799
1.389999 0.905800
1.399999 0.874199
1.409999 0.841121
1.419999 0.806697
1.429999 0.771063
1.439999 0.734359
1.449999 0.696730
1.459999 0.658325
1.469999 0.619295
1.479999 0.579794
1.489999 0.539978
1.499999 0.500004
1.509999 0.460031
1.519999 0.420215
1.529999 0.380714
1.539999 0.341683
1.549999 0.303278
1.559999 0.265649
1.569999 0.228945
1.579999 0.193310
1.589999 0.158886
1.599999 0.125808
1.609999 0.094207
1.619999 0.064207
1.629999 0.035927
1.639999 0.009479
1.649999 -0.015033
1.659999 -0.037513
1.669999 -0.057872
1.679999 -0.076029
1.689999 -0.091912
1.699999 -0.105460
1.709999 -0.116618
1.719999 -0.125343
1.729999 -0.131599
1.739999 -0.135363
1.749999 -0.136620
1.759999 -0.135364
1.769999 -0.131600
1.779999 -0.125345
1.789999 -0.116621
1.799999 -0.105463
1.809999 -0.091916
1.819999 -0.076033
1.829999 -0.057877
1.839999 -0.037519
1.849999 -0.015040
1.859999 0.009472
1.869999 0.035920
1.879999 0.064200
1.889999 0.094199
1.899999 0.125800
1.909999 0.158877
1.919999 0.193301
1.929999 0.228935
1.939999 0.265639
1.949998 0.303268
1.959998 0.341673
1.969998 0.380703
1.979998 0.420204
1.989998 0.460020
1.999998 0.499994
2.009999 0.539968
2.019999 0.579784
2.029999 0.619285
2.039999 0.658315
2.049999 0.696721
2.059999 0.734350
2.069999 0.771054
2.079998 0.806689
2.089998 0.841113
2.099998 0.874191
2.109998 0.905792
2.119998 0.935792
2.129998 0.964072
2.139998 0.990520
2.149998 1.015033
2.159998 1.037513
2.169998 1.057871
2.179998 1.076028
2.189998 1.091912
2.199998 1.105459
2.209998 1.116618
2.219998 1.125342
2.229998 1.131599
2.239998 1.135363
2.249998 1.136620
2.259998 1.135364
2.269998 1.131601
2.279998 1.125345
2.289998 1.116621
2.299998 1.105464
2.309998 1.091917
2.319998 1.076034
2.329998 1.057878
2.339998 1.037520
2.349998 1.015040
2.359998 0.990528
2.369998 0.964081
2.379998 0.935801
2.389998 0.905802
2.399998 0.874202
2.409998 0.841124
2.419998 0.806700
2.429998 0.771066
2.439998 0.734362
2.449998 0.696733
2.459998 0.658328
2.469998 0.619298
2.479998 0.579797
2.489998 0.539981
2.499998 0.500008
2.509998 0.460034
2.519998 0.420218
2.529998 0.380717
2.539998 0.341687
2.549998 0.303281
2.559998 0.265652
2.569998 0.228948
2.579998 0.193313
2.589998 0.158889
2.599998 0.125811
2.609998 0.094209
2.619998 0.064210
2.629998 0.035930
2.639998 0.009481
2.649998 -0.015031
2.659998 -0.037511
2.669998 -0.057870
2.679998 -0.076027
2.689998 -0.091911
2.699998 -0.105459
2.709998 -0.116617
2.719998 -0.125342
2.729998 -0.131599
2.739998 -0.135363
2.749998 -0.136620
2.759998 -0.135364
2.769998 -0.131601
2.779998 -0.125345
2.789998 -0.116621
2.799998 -0.105464
2.809998 -0.091917
2.819998 -0.076035
2.829998 -0.057878
2.839998 -0.037521
2.849998 -0.015041
2.859998 0.009470
2.869998 0.035918
2.879998 0.064197
2.889998 0.094196
2.899998 0.125797
2.909998 0.158874
2.919998 0.193298
2.929998 0.228932
2.939998 0.265636
2.949998 0.303265
2.959998 0.341670
2.969998 0.380700
2.979998 0.420201
2.989998 0.460017
2.999998 0.499990
3.009998 0.539964
3.019998 0.579780
3.029998 0.619281
3.039998 0.658311
3.049998 0.696717
3.059998 0.734346
3.069998 0.771051
3.079998 0.806685
3.089998 0.841110
3.099998 0.874188
3.109998 0.905789
3.119998 0.935789
3.129997 0.964069
3.139997 0.990518
3.149997 1.015030
3.159997 1.037510
3.169997 1.057869
3.179997 1.076026
3.189997 1.091910
3.199997 1.105458
3.209997 1.116617
3.219997 1.125342
3.229997 1.131598
3.239997 1.135363
3.249997 1.136620
3.259997 1.135364
3.269997 1.131601
3.279997 1.125345
3.289997 1.116622
3.299997 1.105465
3.309997 1.091918
3.319997 1.076035
3.329997 1.057879
3.339997 1.037522
3.349997 1.015043
3.359997 0.990531
3.369997 0.964083
3.379997 0.935804
3.389997 0.905805
3.399997 0.874205
3.409997 0.841127
3.419997 0.806704
3.429997 0.771070
3.439997 0.734366
3.449997 0.696737
3.459997 0.658332
3.469997 0.619302
3.479997 0.579801
3.489997 0.539985
3.499997 0.500011
3.509997 0.460038
3.519997 0.420222
3.529997 0.380721
3.539997 0.341690
3.549997 0.303285
3.559997 0.265655
3.569997 0.228951
3.579997 0.193316
3.589997 0.158892
3.599997 0.125814
3.609997 0.094212
3.619997 0.064212
3.629997 0.035932
3.639997 0.009484
3.649997 -0.015029
3.659997 -0.037509
3.669997 -0.057868
3.679997 -0.076026
3.689997 -0.091910
3.699997 -0.105458
3.709997 -0.116616
3.719997 -0.125341
3.729997 -0.131598
3.739997 -0.135363
3.749997 -0.136620
3.759997 -0.135364
3.769997 -0.131601
3.779997 -0.125346
3.789997 -0.116622
3.799997 -0.105465
3.809997 -0.091919
3.819997 -0.076036
3.829997 -0.057880
3.839997 -0.037523
3.849997 -0.015044
3.859997 0.009468
3.869997 0.035915
3.879997 0.064194
3.889997 0.094193
3.899997 0.125794
3.909997 0.158871
3.919997 0.193295
3.929997 0.228929
3.939997 0.265632
3.949997 0.303261
3.959997 0.341666
3.969997 0.380696
3.979997 0.420197
3.989997 0.460013
3.999997 0.499987
4.009997 0.539961
4.019997 0.579778
4.029997 0.619280
4.039998 0.658311
4.049998 0.696718
4.059998 0.734348
4.069998 0.771053
4.079998 0.806689
4.089999 0.841114
4.099999 0.874192
4.109999 0.905794
4.119999 0.935794
4.130000 0.964075
4.140000 0.990524
4.150000 1.015036
4.160000 1.037517
4.170001 1.057875
4.180001 1.076032
4.190001 1.091916
4.200001 1.105463
4.210001 1.116621
4.220002 1.125345
4.230002 1.131601
4.240002 1.135364
4.250002 1.136620
4.260003 1.135363
4.270003 1.131598
4.280003 1.125341
4.290003 1.116616
4.300004 1.105457
4.310004 1.091909
4.320004 1.076024
4.330004 1.057866
4.340004 1.037506
4.350005 1.015025
4.360005 0.990511
4.370005 0.964062
4.380005 0.935781
4.390006 0.905779
4.400006 0.874177
4.410006 0.841097
4.420006 0.806672
4.430007 0.771036
4.440007 0.734330
4.450007 0.696700
4.460007 0.658293
4.470007 0.619262
4.480008 0.579759
4.490008 0.539942
4.500008 0.499968
4.510008 0.459993
4.520009 0.420176
4.530009 0.380675
4.540009 0.341644
4.550009 0.303238
4.560009 0.265609
4.570010 0.228905
4.580010 0.193271
4.590010 0.158848
4.600010 0.125771
4.610011 0.094171
4.620011 0.064172
4.630011 0.035894
4.640011 0.009447
4.650012 -0.015063
4.660012 -0.037541
4.670012 -0.057897
4.680012 -0.076052
4.690012 -0.091932
4.700013 -0.105477
4.710013 -0.116632
4.720013 -0.125353
4.730013 -0.131607
4.740014 -0.135367
4.750014 -0.136620
4.760014 -0.135360
4.770014 -0.131593
4.780015 -0.125333
4.790015 -0.116605
4.800015 -0.105443
4.810015 -0.091892
4.820015 -0.076005
4.830016 -0.057844
4.840016 -0.037482
4.850016 -0.014998
4.860016 0.009518
4.870017 0.035970
4.880017 0.064253
4.890017 0.094256
4.900017 0.125860
4.910017 0.158941
4.920018 0.193368
4.930018 0.229005
4.940018 0.265712
4.950018 0.303344
4.960019 0.341751
4.970019 0.380783
4.980019 0.420286
4.990019 0.460103
