0.000000 0.500000
0.010000 0.579737
0.020000 0.657908
0.030000 0.732997
0.040000 0.803586
0.050000 0.868405
0.060000 0.926366
0.070000 0.976599
0.080000 1.018482
0.090000 1.051651
0.100000 1.076016
0.110000 1.091755
0.120000 1.099304
0.130000 1.099341
0.140000 1.092755
0.150000 1.080612
0.160000 1.064112
0.170000 1.044550
0.180000 1.023257
0.190000 1.001561
0.200000 0.980729
0.210000 0.961927
0.220000 0.946172
0.230000 0.934295
0.240000 0.926916
0.250000 0.924413
0.260000 0.926916
0.270000 0.934295
0.280000 0.946172
0.290000 0.961927
0.300000 0.980729
0.310000 1.001561
0.320000 1.023257
0.330000 1.044549
0.340000 1.064112
0.350000 1.080611
0.360000 1.092755
0.370000 1.099341
0.380000 1.099304
0.390000 1.091755
0.400000 1.076016
0.410000 1.051651
0.420000 1.018482
0.430000 0.976600
0.440000 0.926366
0.450000 0.868406
0.460000 0.803587
0.470000 0.732998
0.480000 0.657910
0.490000 0.579739
0.500000 0.500002
0.510000 0.420264
0.520000 0.342093
0.530000 0.267005
0.540000 0.196415
0.550000 0.131596
0.560000 0.073636
0.570000 0.023402
0.580000 -0.018481
0.590000 -0.051650
0.600000 -0.076016
0.610000 -0.091754
0.620000 -0.099304
0.630000 -0.099342
0.640000 -0.092756
0.650000 -0.080612
0.660000 -0.064113
0.670000 -0.044550
0.680000 -0.023258
0.690000 -0.001562
0.700000 0.019270
0.710000 0.038072
0.720000 0.053828
0.730000 0.065704
0.740000 0.073084
0.750000 0.075587
0.760000 0.073085
0.770000 0.065705
0.780000 0.053829
0.790000 0.038074
0.800000 0.019271
0.810000 -0.001560
0.820000 -0.023256
0.830000 -0.044549
0.839999 -0.064111
0.849999 -0.080611
0.859999 -0.092755
0.869999 -0.099341
0.879999 -0.099304
0.889999 -0.091755
0.899999 -0.076017
0.909999 -0.051653
0.919999 -0.018484
0.929999 0.023398
0.939999 0.073631
0.949999 0.131591
0.959999 0.196409
0.969999 0.266999
0.979999 0.342087
0.989999 0.420258
0.999999 0.499995
1.009999 0.579732
1.019999 0.657903
1.029999 0.732992
1.039999 0.803582
1.049999 0.868401
1.059999 0.926362
1.069999 0.976596
1.079999 1.018479
1.089999 1.051649
1.099999 1.076015
1.109999 1.091754
1.119999 1.099304
1.129999 1.099342
1.139999 1.092756
1.149999 1.080613
1.159999 1.064114
1.169999 1.044551
1.179999 1.023259
1.189999 1.001563
1.199999 0.980731
1.209999 0.961929
1.219999 0.946173
1.229999 0.934296
1.239999 0.926916
1.249999 0.924413
1.259999 0.926915
1.269999 0.934294
1.279999 0.946170
1.289999 0.961926
1.299999 0.980728
1.309999 1.001559
1.319999 1.023255
1.329999 1.044548
1.339999 1.064111
1.349999 1.080610
1.359999 1.092754
1.369999 1.099341
1.379999 1.099305
1.389999 1.091756
1.399999 1.076018
1.409999 1.051654
1.419999 1.018486
1.429999 0.976604
1.439999 0.926371
1.449999 0.868411
1.459999 0.803593
1.469999 0.733004
1.479999 0.657916
1.489999 0.579746
1.499999 0.500009
1.509999 0.420271
1.519999 0.342100
1.529999 0.267011
1.539999 0.196421
1.549999 0.131602
1.559999 0.073640
1.569999 0.023406
1.579999 -0.018477
1.589999 -0.051648
1.599999 -0.076014
1.609999 -0.091753
1.619999 -0.099304
1.629999 -0.099342
1.639999 -0.092756
1.649999 -0.080613
1.659999 -0.064115
1.669999 -0.044552
1.679999 -0.023260
1.689999 -0.001564
1.699999 0.019268
1.709999 0.038071
1.719999 0.053827
1.729999 0.065704
1.739999 0.073084
1.749999 0.075587
1.759999 0.073085
1.769999 0.065706
1.779999 0.053830
1.789999 0.038075
1.799999 0.019273
1.809999 -0.001558
1.819999 -0.023254
1.829999 -0.044547
1.839999 -0.064110
1.849999 -0.080610
1.859999 -0.092754
1.869999 -0.099341
1.879999 -0.099305
1.889999 -0.091756
1.899999 -0.076019
1.909999 -0.051655
1.919999 -0.018487
1.929999 0.023394
1.939999 0.073626
1.949998 0.131586
1.959998 0.196403
1.969998 0.266992
1.979998 0.342080
1.989998 0.420251
1.999998 0.499988
2.009999 0.579726
2.019999 0.657897
2.029999 0.732986
2.039999 0.803576
2.049999 0.868396
2.059999 0.926358
2.069999 0.976592
2.079998 1.018476
2.089998 1.051647
2.099998 1.076013
2.109998 1.091753
2.119998 1.099304
2.129998 1.099342
2.139998 1.092757
2.149998 1.080614
2.159998 1.064115
2.169998 1.044553
2.179998 1.023261
2.189998 1.001564
2.199998 0.980733
2.209998 0.961930
2.219998 0.946174
2.229998 0.934297
2.239998 0.926917
2.249998 0.924413
2.259998 0.926915
2.269998 0.934294
2.279998 0.946169
2.289998 0.961924
2.299998 0.980726
2.309998 1.001557
2.319998 1.023253
2.329998 1.044546
2.339998 1.064109
2.349998 1.080609
2.359998 1.092754
2.369998 1.099341
2.379998 1.099305
2.389998 1.091757
2.399998 1.076020
2.409998 1.051656
2.419998 1.018489
2.429998 0.976608
2.439998 0.926376
2.449998 0.868417
2.459998 0.803599
2.469998 0.733010
2.479998 0.657923
2.489998 0.579752
2.499998 0.500015
2.509998 0.420278
2.519998 0.342107
2.529998 0.267018
2.539998 0.196427
2.549998 0.131607
2.559998 0.073645
2.569998 0.023410
2.579998 -0.018474
2.589998 -0.051646
2.599998 -0.076012
2.609998 -0.091752
2.619998 -0.099303
2.629998 -0.099342
2.639998 -0.092757
2.649998 -0.080615
2.659998 -0.064116
2.669998 -0.044554
2.679998 -0.023262
2.689998 -0.001565
2.699998 0.019266
2.709998 0.038069
2.719998 0.053826
2.729998 0.065703
2.739998 0.073083
2.749998 0.075587
2.759998 0.073085
2.769998 0.065707
2.779998 0.053831
2.789998 0.038077
2.799998 0.019275
2.809998 -0.001556
2.819998 -0.023252
2.829998 -0.044545
2.839998 -0.064108
2.849998 -0.080608
2.859998 -0.092753
2.869998 -0.099341
2.879998 -0.099305
2.889998 -0.091757
2.899998 -0.076021
2.909998 -0.051658
2.919998 -0.018490
2.929998 0.023390
2.939998 0.073622
2.949998 0.131581
2.959998 0.196398
2.969998 0.266986
2.979998 0.342074
2.989998 0.420244
2.999998 0.499981
3.009998 0.579718
3.019998 0.657890
3.029998 0.732979
3.039998 0.803570
3.049998 0.868390
3.059998 0.926352
3.069998 0.976588
3.079998 1.018473
3.089998 1.051644
3.099998 1.076011
3.109998 1.091752
3.119998 1.099303
3.129997 1.099342
3.139997 1.092758
3.149997 1.080615
3.159997 1.064117
3.169997 1.044555
3.179997 1.023263
3.189997 1.001566
3.199997 0.980735
3.209997 0.961932
3.219997 0.946175
3.229997 0.934298
3.239997 0.926917
3.249997 0.924413
3.259997 0.926914
3.269997 0.934293
3.279997 0.946168
3.289997 0.961923
3.299997 0.980724
3.309997 1.001555
3.319997 1.023251
3.329997 1.044544
3.339997 1.064107
3.349997 1.080608
3.359997 1.092753
3.369997 1.099340
3.379997 1.099305
3.389997 1.091758
3.399997 1.076022
3.409997 1.051659
3.419997 1.018492
3.429997 0.976612
3.439997 0.926381
3.449997 0.868422
3.459997 0.803605
3.469997 0.733017
3.479997 0.657930
3.489997 0.579760
3.499997 0.500023
3.509997 0.420285
3.519997 0.342114
3.529997 0.267024
3.539997 0.196433
3.549997 0.131613
3.559997 0.073650
3.569997 0.023414
3.579997 -0.018471
3.589997 -0.051643
3.599997 -0.076010
3.609997 -0.091751
3.619997 -0.099303
3.629997 -0.099342
3.639997 -0.092758
3.649997 -0.080616
3.659997 -0.064118
3.669997 -0.044556
3.679997 -0.023264
3.689997 -0.001567
3.699997 0.019264
3.709997 0.038067
3.719997 0.053824
3.729997 0.065702
3.739997 0.073083
3.749997 0.075587
3.759997 0.073086
3.769997 0.065708
3.779997 0.053833
3.789997 0.038078
3.799997 0.019277
3.809997 -0.001554
3.819997 -0.023250
3.829997 -0.044543
3.839997 -0.064107
3.849997 -0.080607
3.859997 -0.092752
3.869997 -0.099340
3.879997 -0.099305
3.889997 -0.091758
3.899997 -0.076023
3.909997 -0.051661
3.919997 -0.018494
3.929997 0.023386
3.939997 0.073617
3.949997 0.131575
3.959997 0.196391
3.969997 0.266979
3.979997 0.342066
3.989997 0.420236
3.999997 0.499973
4.009997 0.579713
4.019997 0.657886
4.029997 0.732977
4.039998 0.803570
4.049998 0.868392
4.059998 0.926355
4.069998 0.976591
4.079998 1.018476
4.089999 1.051648
4.099999 1.076014
4.109999 1.091754
4.119999 1.099304
4.130000 1.099342
4.140000 1.092755
4.150000 1.080611
4.160000 1.064112
4.170001 1.044549
4.180001 1.023255
4.190001 1.001559
4.200001 0.980727
4.210001 0.961925
4.220002 0.946169
4.230002 0.934293
4.240002 0.926915
4.250002 0.924413
4.260003 0.926917
4.270003 0.934298
4.280003 0.946176
4.290003 0.961933
4.300004 0.980736
4.310004 1.001569
4.320004 1.023266
4.330004 1.044558
4.340004 1.064121
4.350005 1.080618
4.360005 1.092760
4.370005 1.099343
4.380005 1.099302
4.390006 1.091748
4.400006 1.076005
4.410006 1.051634
4.420006 1.018458
4.430007 0.976569
4.440007 0.926329
4.450007 0.868362
4.460007 0.803537
4.470007 0.732942
4.480008 0.657849
4.490008 0.579675
4.500008 0.499935
4.510008 0.420197
4.520009 0.342026
4.530009 0.266939
4.540009 0.196352
4.550009 0.131538
4.560009 0.073583
4.570010 0.023356
4.580010 -0.018519
4.590010 -0.051680
4.600010 -0.076037
4.610011 -0.091767
4.620011 -0.099308
4.630011 -0.099338
4.640011 -0.092744
4.650012 -0.080595
4.660012 -0.064091
4.670012 -0.044525
4.680012 -0.023231
4.690012 -0.001534
4.700013 0.019296
4.710013 0.038095
4.720013 0.053847
4.730013 0.065718
4.740014 0.073091
4.750014 0.075587
4.760014 0.073077
4.770014 0.065691
4.780015 0.053808
4.790015 0.038047
4.800015 0.019241
4.810015 -0.001594
4.820015 -0.023291
4.830016 -0.044582
4.840016 -0.064141
4.850016 -0.080635
4.860016 -0.092771
4.870017 -0.099347
4.880017 -0.099298
4.890017 -0.091735
4.900017 -0.075982
4.910017 -0.051601
4.920018 -0.018415
4.930018 0.023484
4.940018 0.073733
4.950018 0.131708
4.960019 0.196540
4.970019 0.267141
4.980019 0.342239
4.990019 0.420416
