1 0.000002
2 0.000040
3 0.000042
4 0.000044
5 0.000045
6 0.000046
7 0.000048
8 0.000049
9 0.000050
10 0.000052
11 0.000053
12 0.000054
13 0.000056
14 0.000057
15 0.000058
16 0.000060
17 0.000061
18 0.000062
19 0.000064
20 0.000066
21 0.000068
22 0.000069
23 0.000071
24 0.000072
25 0.000073
26 0.000075
27 0.000076
28 0.000077
29 0.000079
30 0.000080
31 0.000081
32 0.000082
33 0.000084
34 0.000085
35 0.000086
36 0.000088
37 0.000089
38 0.000090
39 0.000092
40 0.000093
41 0.000094
42 0.000096
43 0.000097
44 0.000098
45 0.000099
46 0.000101
47 0.000102
48 0.000103
49 0.000105
50 0.000106
51 0.000107
52 0.000109
53 0.000110
54 0.000111
55 0.000113
56 0.000115
57 0.000119
58 0.000121
59 0.000123
60 0.000125
61 0.000127
62 0.000128
63 0.000130
64 0.000132
65 0.000134
66 0.000135
67 0.000136
68 0.000137
69 0.000139
70 0.000140
71 0.000141
72 0.000143
73 0.000144
74 0.000145
75 0.000147
76 0.000148
77 0.000149
78 0.000150
79 0.000152
80 0.000153
81 0.000154
82 0.000156
83 0.000157
84 0.000158
85 0.000160
86 0.000161
87 0.000162
88 0.000163
89 0.000165
90 0.000166
91 0.000167
92 0.000169
93 0.000170
94 0.000171
95 0.000172
96 0.000174
97 0.000175
98 0.000176
99 0.000178
100 0.000182
1 0.000053
2 0.000067
3 0.000070
4 0.000072
5 0.000074
6 0.000075
7 0.000077
8 0.000078
9 0.000080
10 0.000081
11 0.000083
12 0.000084
13 0.000086
14 0.000087
15 0.000089
16 0.000090
17 0.000092
18 0.000093
19 0.000095
20 0.000096
21 0.000098
22 0.000099
23 0.000101
24 0.000103
25 0.000104
26 0.000106
27 0.000107
28 0.000109
29 0.000110
30 0.000112
31 0.000113
32 0.000115
33 0.000116
34 0.000118
35 0.000119
36 0.000121
37 0.000122
38 0.000124
39 0.000125
40 0.000127
41 0.000128
42 0.000130
43 0.000131
44 0.000133
45 0.000134
46 0.000135
47 0.000137
48 0.000138
49 0.000140
50 0.000141
51 0.000143
52 0.000144
53 0.000146
54 0.000147
55 0.000149
56 0.000150
57 0.000152
58 0.000153
59 0.000155
60 0.000156
61 0.000158
62 0.000159
63 0.000161
64 0.000162
65 0.000164
66 0.000165
67 0.000167
68 0.000168
69 0.000170
70 0.000171
71 0.000173
72 0.000174
73 0.000176
74 0.000177
75 0.000179
76 0.000180
77 0.000182
78 0.000183
79 0.000185
80 0.000186
81 0.000188
82 0.000189
83 0.000191
84 0.000192
85 0.000194
86 0.000195
87 0.000197
88 0.000198
89 0.000200
90 0.000201
91 0.000203
92 0.000204
93 0.000205
94 0.000207
95 0.000208
96 0.000210
97 0.000211
98 0.000213
99 0.000214
100 0.000216
