1 0.000002
2 0.000204
3 0.000233
4 0.000256
5 0.000277
6 0.000298
7 0.000320
8 0.000343
9 0.000365
10 0.000387
11 0.000410
12 0.000434
13 0.000479
14 0.000527
15 0.000571
16 0.000616
17 0.000672
18 0.000762
19 0.000875
20 0.001043
21 0.001303
22 0.001731
23 0.002409
24 0.003464
25 0.005127
26 0.007785
27 0.012094
28 0.018744
29 0.029126
30 0.044880
31 0.066645
32 0.096332
33 0.144337
34 0.222396
35 0.348023
36 0.546438
37 0.838470
38 1.303819
39 2.060419
40 3.291184
41 5.328010
42 8.561430
43 13.494411
44 22.652208
45 37.666587
46 60.424714
47 97.139040
48 157.522244
49 246.359689
50 404.280211
51 645.195915
52 1049.909212
53 1731.060827
